1 1924.26
2 3600
3 3972.79
4 28473.5
5 5121.32
6 11918.4
7 67362
8 24582.3
9 57682.7
10 6363.96
11 128037
12 3818.38
13 308367
14 4200
15 141551
16 98911.7
17 14425
18 249935
19 65466.1
20 75941.1
21 6682.16
22 73069
23 389444
24 347647
25 35114.9
26 44123.5
27 268451
28 42000
29 59407.3
30 155051
31 67356.6
32 21600
33 286809
34 84074.9
35 131095
36 242841
37 187584
38 165132
39 24819.4
40 27000
41 44542.2
42 258115
43 124115
44 37901.4
45 1.94393e+06
46 168948
47 237782
48 417176
49 41577.9
50 136066
51 221625
52 84461.7
53 426903
54 536903
55 318676
56 64317.6
57 254781
58 129007
59 1.02404e+06
60 249551
61 254361
62 182809
63 48396.5
64 95858.7
65 94154.3
66 123604
67 661280
68 810874
69 241297
70 421492
71 324668
72 312882
73 1.68799e+06
74 142396
76 32244.1
77 451752
78 248194
79 238684
80 216000
81 542223
82 370748
83 1.00735e+06
84 790896
85 507437
86 1.02681e+06
87 133666
88 741626
89 304760
90 38183.8
91 948641
92 1.23074e+06
93 313670
94 323885
95 825661
96 196659
97 606107
98 354889
99 53776.6
100 192426
101 762883
102 356700
103 32774.4
104 812309
105 715930
106 203972
107 593378
108 391103
109 223290
110 1.35203e+06
111 80393.3
112 304788
113 25425
114 2.36214e+06
115 747161
116 483702
117 511444
118 247800
119 182831
120 296735
121 852516
122 1.25848e+06
123 442800
124 139500
125 143566
126 591829
127 145863
128 1.31379e+06
129 1.03712e+06
130 764657
131 252079
132 207609
133 249081
134 672462
135 579705
136 417900
137 215473
138 424045
139 844118
140 1.62595e+06
141 323885
142 511200
143 889859
144 747952
145 108750
146 2.12768e+06
147 140325
148 1.75946e+06
149 718377
150 907995
151 995933
152 781681
153 997312
154 1.56944e+06
155 251761
156 451941
157 815476
158 1.03804e+06
159 738648
160 511529
161 233213
162 643592
163 549765
164 258300
165 1.09252e+06
166 170028
167 2.79049e+06
168 529200
169 122401
170 3.44568e+06
171 205200
172 1.74403e+06
173 93973.3
174 1.69944e+06
175 1.47373e+06
176 540811
177 2.24529e+06
178 1.98719e+06
179 1.1223e+06
180 975838
181 556175
182 1.25419e+06
183 2.49633e+06
184 585484
185 947444
186 1.51057e+06
187 119006
188 634085
189 325608
190 2.63415e+06
191 2.14791e+06
192 762776
193 1.99088e+06
194 305122
195 716194
196 2.05209e+06
198 741626
199 899743
200 2.92794e+06
201 45225
202 1.04401e+06
203 588102
204 612000
205 2.85703e+06
206 1.40459e+06
207 530057
208 936000
209 3.28898e+06
210 2.28143e+06
211 664650
212 794064
213 2.79876e+06
214 363170
215 96750
216 117331
217 981127
218 877290
219 1.92027e+06
220 742014
221 2.54158e+06
222 1.29772e+06
223 1.23667e+06
224 1.21915e+06
225 2.14064e+06
226 982102
227 368708
228 535464
229 509356
230 235581
231 877120
232 1.08622e+06
233 535214
234 5.84656e+06
235 1.69701e+06
236 600758
237 75412.9
238 2.2603e+06
239 1.1349e+06
240 2.72876e+06
241 379043
242 217800
243 515481
244 1.95128e+06
245 1.901e+06
246 345530
247 4.42738e+06
248 1.5985e+06
249 1.11299e+06
250 1.84173e+06
251 288281
252 2.1016e+06
253 366478
254 3.37829e+06
255 1.73484e+06
256 1.31652e+06
257 1.65652e+06
258 2.14225e+06
259 1.9563e+06
260 1.45523e+06
261 1.2125e+06
262 58950
263 975517
264 1.59526e+06
265 112430
266 1.34291e+06
267 1.33991e+06
268 937211
269 826581
270 229103
271 650400
272 173100
273 1.37825e+06
274 3.46993e+06
275 2.67174e+06
276 1.28218e+06
277 501553
278 2.7152e+06
279 339877
280 895176
281 1.14704e+06
282 528127
283 954500
284 3.29106e+06
285 1.72215e+06
286 9.75154e+06
287 344400
288 3.03628e+06
289 2.30244e+06
290 681073
291 3.24871e+06
292 1.7432e+06
293 673037
295 338816
296 658382
297 4.0654e+06
298 323746
299 1.69528e+06
300 217279
301 259280
302 1.83398e+06
303 2.05494e+06
304 2.91572e+06
305 4.28861e+06
306 470137
307 2.12485e+06
308 334610
309 4.14821e+06
310 139500
311 2.58233e+06
312 280800
313 4.04161e+06
314 2.14097e+06
315 5.01579e+06
316 1185000
317 823267
318 1.87526e+06
319 915951
320 2.08588e+06
321 9.88077e+06
322 796239
